10912
24671
44858
48982
75765
204758
204812
240855
240882
240893
241892
242005
242007
242017
242019
242044
242109
242211
242408
243820
243822
243823
243824
243825
243826
243827
243828
243838
243956
244453
244454
244498
244502
244562
244563
248493
248501
248612
253348
254613
254843
255417
256974
308558
308565
309519
309909
309995
310072
310659
310758
311178
311327
311715
311718
311721
311745
311935
311987
312268
312342
312581
312602
312632
313341
313628
313780
313790
313830
313891
314362
315119
315678
316460
316715
317599
317823
317829
319227
321937
322602
322895
322973
324052
324061
324199
324323
325089
325344
325348
325553
325563
326395
329069
329077
329081
329090
436524
436535
437122
444540
444585
445953
449028
450513
451636
451802
452079
463716
470771
470788
470793
470795
470797
471321
471965
472190
485529
503523
544065
544740
544887
547802
548211
653246
775805
787722
816277
824207
830041
854724
854888
